-50  9.11514285714e-05 
-49  9.78771428571e-05 
-48  0.000105585714286 
-47  0.000114285714286 
-46  0.000124014285714 
-45  0.0001348 
-44  0.000146671428571 
-43  0.000159814285714 
-42  0.000174671428571 
-41  0.000191628571429 
-40  0.000211085714286 
-39  0.000233285714286 
-38  0.000258442857143 
-37  0.000287142857143 
-36  0.000320257142857 
-35  0.0003589 
-34  0.000403957142857 
-33  0.000456571428571 
-32  0.0005184 
-31  0.000592128571429 
-30  0.000680171428571 
-29  0.000784157142857 
-28  0.000905342857143 
-27  0.00104622857143 
-26  0.00121042857143 
-25  0.001402 
-24  0.00161985714286 
-23  0.00185785714286 
-22  0.00210971428571 
-21  0.00237442857143 
-20  0.002656 
-19  0.00295485714286 
-18  0.00327457142857 
-17  0.003631 
-16  0.004052 
-15  0.00455542857143 
-14  0.00513457142857 
-13  0.00577728571429 
-12  0.006508 
-11  0.00741214285714 
-10  0.00863671428571 
-9  0.0103805714286 
-8  0.0128914285714 
-7  0.0165642857143 
-6  0.0221371428571 
-5  0.0308114285714 
-4  0.0438457142857 
-3  0.0613557142857 
-2  0.0808971428571 
-1  0.0972171428571 
0  0.104341428571 
1  0.0991828571429 
2  0.0836271428571 
3  0.0633957142857 
4  0.0443985714286 
5  0.0300157142857 
6  0.0206642857143 
7  0.0150728571429 
8  0.01171 
9  0.00954071428571 
10  0.00804142857143 
11  0.00695571428571 
12  0.00611357142857 
13  0.00539085714286 
14  0.004723 
15  0.00410314285714 
16  0.00355528571429 
17  0.00310114285714 
18  0.00274071428571 
19  0.00245285714286 
20  0.002209 
21  0.001987 
22  0.00177842857143 
23  0.00158557142857 
24  0.00141442857143 
25  0.00126785714286 
26  0.00114414285714 
27  0.0010389 
28  0.000946214285714 
29  0.000861371428571 
30  0.000782071428571 
31  0.000707742857143 
32  0.000638071428571 
33  0.000572471428571 
34  0.000510714285714 
35  0.000453614285714 
36  0.000402757142857 
37  0.000359071428571 
38  0.000322457142857 
39  0.000291685714286 
40  0.0002653 
41  0.000242057142857 
42  0.000221114285714 
43  0.000202014285714 
44  0.000184671428571 
45  0.000168971428571 
46  0.000154671428571 
47  0.000141657142857 
48  0.000129914285714 
49  0.000119514285714 
50  0.000110414285714 
