-50  9.61466666667e-05 
-49  0.000105225833333 
-48  0.000115408333333 
-47  0.000126866666667 
-46  0.000139891666667 
-45  0.0001549 
-44  0.000172316666667 
-43  0.000192475 
-42  0.000215741666667 
-41  0.000242391666667 
-40  0.000272908333333 
-39  0.000307908333333 
-38  0.000348333333333 
-37  0.000395175 
-36  0.000449275 
-35  0.000511458333333 
-34  0.000582191666667 
-33  0.000661591666667 
-32  0.000749483333333 
-31  0.00084585 
-30  0.000951875 
-29  0.00107049166667 
-28  0.00120533333333 
-27  0.00135891666667 
-26  0.00152966666667 
-25  0.00171208333333 
-24  0.00189983333333 
-23  0.00208825 
-22  0.00227616666667 
-21  0.00246483333333 
-20  0.0026595 
-19  0.00287183333333 
-18  0.00311858333333 
-17  0.00341475 
-16  0.00376766666667 
-15  0.00418066666667 
-14  0.00466366666667 
-13  0.00524133333333 
-12  0.00595383333333 
-11  0.0068495 
-10  0.00799941666667 
-9  0.00956916666667 
-8  0.0119491666667 
-7  0.0158883333333 
-6  0.0225858333333 
-5  0.033635 
-4  0.0504366666667 
-3  0.072635 
-2  0.0961183333333 
-1  0.113025 
0  0.115616666667 
1  0.102091666667 
2  0.0782725 
3  0.0533241666667 
4  0.0337583333333 
5  0.0212008333333 
6  0.0141041666667 
7  0.0102913333333 
8  0.00817016666667 
9  0.00686258333333 
10  0.0059665 
11  0.00530766666667 
12  0.00478516666667 
13  0.0043175 
14  0.00385641666667 
15  0.00340058333333 
16  0.00297866666667 
17  0.00261725 
18  0.00232308333333 
19  0.00208525 
20  0.00188791666667 
21  0.00171725 
22  0.00156583333333 
23  0.00142925 
24  0.001304 
25  0.00118705833333 
26  0.001075975 
27  0.000968316666667 
28  0.000864825 
29  0.000767675 
30  0.000679716666667 
31  0.000602525 
32  0.000535983333333 
33  0.000478816666667 
34  0.0004296 
35  0.000387116666667 
36  0.000350216666667 
37  0.000317958333333 
38  0.0002895 
39  0.0002642 
40  0.000241558333333 
41  0.0002212 
42  0.000202716666667 
43  0.000185816666667 
44  0.000170175 
45  0.000155783333333 
46  0.000142591666667 
47  0.000130758333333 
48  0.000120208333333 
49  0.000110866666667 
50  0.000102558333333 
