-50  8.14242857143e-05 
-49  8.82071428571e-05 
-48  9.59071428571e-05 
-47  0.000104542857143 
-46  0.0001142 
-45  0.000125 
-44  0.000137285714286 
-43  0.000151357142857 
-42  0.000167628571429 
-41  0.000186271428571 
-40  0.0002074 
-39  0.000231214285714 
-38  0.000258657142857 
-37  0.000291157142857 
-36  0.000330185714286 
-35  0.000377071428571 
-34  0.0004326 
-33  0.000497742857143 
-32  0.000573957142857 
-31  0.000663442857143 
-30  0.000768571428571 
-29  0.000890171428571 
-28  0.00102561428571 
-27  0.00116957142857 
-26  0.00131757142857 
-25  0.00147014285714 
-24  0.00162885714286 
-23  0.00179457142857 
-22  0.00196242857143 
-21  0.00213071428571 
-20  0.00230871428571 
-19  0.00251914285714 
-18  0.00278442857143 
-17  0.00311014285714 
-16  0.00347771428571 
-15  0.00386085714286 
-14  0.00425342857143 
-13  0.00469114285714 
-12  0.00524928571429 
-11  0.00602357142857 
-10  0.00710857142857 
-9  0.008596 
-8  0.0106295714286 
-7  0.0135828571429 
-6  0.0183671428571 
-5  0.0265942857143 
-4  0.0400557142857 
-3  0.05917 
-2  0.08114 
-1  0.09984 
0  0.108714285714 
1  0.104785714286 
2  0.0901885714286 
3  0.0701357142857 
4  0.0500014285714 
5  0.03341 
6  0.0217528571429 
7  0.0145714285714 
8  0.0104947142857 
9  0.00817214285714 
10  0.00670842857143 
11  0.00567128571429 
12  0.00490157142857 
13  0.004347 
14  0.00396442857143 
15  0.00368528571429 
16  0.00343414285714 
17  0.00315957142857 
18  0.00285257142857 
19  0.002541 
20  0.00225871428571 
21  0.00202428571429 
22  0.00183742857143 
23  0.00168914285714 
24  0.00156857142857 
25  0.00146528571429 
26  0.00136814285714 
27  0.00126685714286 
28  0.00115814285714 
29  0.00104392857143 
30  0.000928671428571 
31  0.000818514285714 
32  0.000719085714286 
33  0.000633785714286 
34  0.000563157142857 
35  0.000505557142857 
36  0.0004584 
37  0.000418728571429 
38  0.000384085714286 
39  0.000352571428571 
40  0.000323414285714 
41  0.000296642857143 
42  0.000272085714286 
43  0.000249457142857 
44  0.000228042857143 
45  0.000207814285714 
46  0.0001889 
47  0.000171871428571 
48  0.000156771428571 
49  0.000143614285714 
50  0.000131971428571 
