HI 912.3236630 1.22E+02 2.44E-05
HI 912.3532982 1.39E+02 2.64E-05
HI 912.3853059 1.58E+02 2.85E-05
HI 912.4199462 1.81E+02 3.09E-05
HI 912.4575162 2.07E+02 3.35E-05
HI 912.4983557 2.39E+02 3.65E-05
HI 912.5428556 2.76E+02 3.98E-05
HI 912.5914669 3.20E+02 4.36E-05
HI 912.6447123 3.74E+02 4.78E-05
HI 912.7032003 4.38E+02 5.26E-05
HI 912.7676428 5.16E+02 5.80E-05
HI 912.8388767 6.12E+02 6.43E-05
HI 912.9178913 7.29E+02 7.14E-05
HI 913.0058630 8.74E+02 7.97E-05
HI 913.1041994 1.06E+03 8.92E-05
HI 913.2145959 1.28E+03 1.00E-04
HI 913.3391096 1.58E+03 1.14E-04
HI 913.4802560 1.95E+03 1.29E-04
HI 913.6411371 2.44E+03 1.48E-04
HI 913.8256142 3.07E+03 1.70E-04
HI 914.0385418 3.92E+03 1.97E-04
HI 914.2860919 5.07E+03 2.29E-04
HI 914.5762071 6.65E+03 2.70E-04
HI 914.9192488 8.85E+03 3.21E-04
HI 915.328939 1.20E+04 3.85E-04
HI 915.823759 1.66E+04 4.68E-04
HI 916.429085 2.34E+04 5.77E-04
HI 917.180525 3.39E+04 7.22E-04
HI 918.129312 5.06E+04 9.21E-04
HI 919.351351 7.83E+04 1.20E-03
HI 920.963026 1.26E+05 1.60E-03
HI 923.150300 2.14E+05 2.21E-03
HI 926.225640 3.87E+05 3.18E-03
HI 930.74820 7.56E+05 4.81E-03
HI 937.80340 1.64E+06 7.79E-03
HI 949.74298 4.12E+06 1.39E-02
HI 972.53674 1.28E+07 2.90E-02
HI 1025.7222 5.57E+07 7.91E-02
HI 1215.6700 4.69E+08 4.16E-01
CI        1656.929            116000000.0         0.143 
CI        1560.309            65400000.0          0.0716 
CI        1328.834            73100000.0          0.058 
CI        1280.135            35500000.0          0.0261 
CI        1277.245            126000000.0         0.0923 
CI        1260.735            55100000.0          0.0394 
CI        1193.995            19400000.0          0.0125 
CI        1193.031            63900000.0          0.0409 
CI        1188.833            19500000.0          0.0124 
CI        1157.91             35200000.0          0.0212 
CII*      1335.663            47600000.0          0.0127 
CII       1334.532            241000000.0         0.129 
CII*      1037.018            1460000000.0        0.118 
CII       1036.337            738000000.0         0.119 
CII       903.962             2700000000.0        0.331 
CIII      977.02              1767000000.0        0.7586 
CIV       1550.772            264000000.0         0.0952 
CIV       1548.187            265000000.0         0.19 
NI        1200.71             403000000.0         0.0869 
NI        1200.223            407000000.0         0.132 
NI        1199.55             18200000.0          0.00387 
NI        1134.98             149000000.0         0.0287 
NI        1134.415            151000000.0         0.0146 
NI        1134.165            3520000.0           0.000969 
NI        965.041             55200000.0          0.00386 
NI        964.626             56600000.0          0.0079 
NI        963.99              59400000.0          0.0124 
NI        954.104             19500000.0          0.004 
NI        953.97              162000000.0         0.0331 
NI        953.655             181000000.0         0.0247 
NI        953.415             190000000.0         0.0129 
NI        952.415             14500000.0          0.00197 
NI        952.303             11200000.0          0.00229 
NII       1083.99             210000000.0         0.111 
NII       915.612             423000000.0         0.159 
NIII      989.799             418000000.0         0.123 
NIV       765.147             2320000000.0        0.6109 
NV        1242.804            337000000.0         0.078 
NV        1238.821            340000000.0         0.156 
OI        1302.168            341000000.0         0.052 
OI*       1304.858            203000000.0         0.0518 
OI*       1306.029            67600000.0          0.0519 
OI        1039.23             9.43e+07            9.16e-03 
OI        988.773             2.26e+08            4.64e-02 
OI        988.655             5.77e+07            8.46e-03 
OI        976.448             3.86e+07            3.31e-03 
OI        950.885             1.94e+07            1.58e-03 
OI        936.629             1.66e+07            3.06e-03 
OI        929.517             1.06e+07            1.92e-03 
OI        924.95              7.22e+06            1.30e-03 
OI        922.008             1.23e+08            2.19e-02 
OII       832.7583            867000000.0         0.0451 
OII       833.3303            865000000.0         0.0901 
OII       834.4654            861000000.0         0.135 
OIII      702.337             6.06e+08            1.34e-01 
OIII*     702.838             1.83e+09            4.52e-02 
OIII      832.929             341000000.0         0.106 
OIII*     835.289             599000000.0         0.0877 
OIII*     835.289             599000000.0         0.0877 
OIV       553.329             1220000000.0        0.112 
OIV       554.076             4860000000.0        0.224 
OIV*      554.513             6060000000.0        0.279 
OIV       608.397             1210000000.0        0.0671 
OIV*      609.829             2400000000.0        0.0669 
OIV       787.71              595000000.0         0.111 
OIV*      790.199             708000000.0         0.0994 
OV        629.732             2872000000.0        0.5122 
OVI       1037.613            409000000.0         0.066 
OVI       1031.912            416000000.0         0.133 
NeV       568.424             770000000.0         0.11 
NeV*      569.828             1000000000.0        0.081 
NeV*      572.335             1400000000.0        0.096 
NeVI      558.603             1500000000.0        0.14 
NeVI*     562.805             1700000000.0        0.12 
NeVII     465.221             580000000.0         0.056 
NeVIII    770.409             572000000.0         0.102 
NeVIII    780.324             550000000.0         0.0502 
NaIX      681.72              660000000.0         0.0919 
NaIX      694.15              623000000.0         0.045 
MgII      1240.3947           1520000.0           0.000351 
MgII      1239.9253           1350000.0           0.000621 
MgX       624.941             695000000.0         0.0407 
MgX       609.793             751000000.0         0.0838 
AlII      1670.7874           1460000000.0        1.83 
AlIII     1854.7164           5.40e+08            5.57e-01 
AlIII     1862.7895           5.33e+08            2.77e-01 
SiII      1808.013            2540000.0           0.00249 
SiII*     1816.928            2650000.0           0.00197 
SiII      1304.37             3040000000.0        1.09 
SiII*     1309.276            473000000.0         0.113 
SiII      1260.422            403000000.0         0.188 
SiII*     1264.738            830000000.0         0.194 
SiII      1193.29             2690000000.0        0.575 
SiII      1190.416            653000000.0         0.277 
SiII*     1194.5              3450000000.0        0.737 
SiII*     1197.394            1400000000.0        0.15 
SiII      1020.699            89100000.0          0.0139 
SiII*     1023.7              177000000.0         0.0139 
SiII      989.873             681000000.0         0.2 
SiII*     992.683             711000000.0         0.157 
SiIII     1206.5              30000000.0          0.00215 
SiIV      1402.77             863000000.0         0.255 
SiXII     520.665             841000000.0         0.0342 
SiXII     499.406             960000000.0         0.0718 
PIV       950.657             3940000000.0        1.6 
PV        1128.008            1160000000.0        0.221 
PV        1117.977            1200000000.0        0.45 
SII       1259.519            51000000.0          0.0182 
SII       1253.811            51200000.0          0.0121 
SII       1250.584            51300000.0          0.00602 
SII       912.736             1.05e+09            6.53e-02 
SII       910.485             1.06e+09            1.32e-01 
SII       906.876             1.09e+09            2.01e-01 
SII       763.656             9.60e+09            4.19e-01 
SII       764.416             9.55e+09            8.36e-01 
SII       765.684             9.47e+09            1.25e+00 
SIII      1190.203            4.05e+07            0.0258 
SIII*     1194.058            5.38e+07            0.0192 
SIII*     1200.966            6.62e+07            0.02 
SIII      1012.495            9.56e+07            0.0441 
SIII*     1015.502            2.88e+08            0.0149 
SIII*     1015.567            7.80e+07            0.0121 
SIII*     1015.779            6.53e+07            0.0168 
SIII*     1021.108            1.09e+08            0.0102 
SIII*     1021.323            2.09e+08            0.0327 
SIII      724.288             1.60e+09            0.378 
SIII*     725.858             4.45e+09            0.352 
SIII*     728.685             6.48e+09            0.309 
SIII      698.727             3.87e+09            0.85 
SIII*     700.15              3.50e+09            0.429 
SIII*     700.288             1.09e+10            0.268 
SIII*     702.779             7.85e+09            0.581 
SIII      677.729             6.93e+09            1.43 
SIII*     678.456             7.97e+09            0.917 
SIII*     680.677             1.42e+10            1.38 
SIII*     680.925             3.99e+09            0.278 
SIV*      1072.973            1.62e+08            4.20e-02 
SIV       809.656             1.20e+09            0.118 
SIV*      815.941             1.70e+09            0.085 
SIV       744.904             1.50e+09            2.49e-01 
SIV       748.393             5.47e+09            4.59e-01 
SIV*      750.221             7.08e+09            5.97e-01 
SIV*      753.76              3.08e+09            1.31e-01 
SIV       657.319             8.69e+09            1.13e+00 
SV        786.468             4.87e+09            1.36e+00 
SVI       944.523             1.61e+09            0.215 
SVI       933.378             1.67e+09            0.436 
SXIV      417.66              1210000000.0        0.0635 
SXIV      445.7               995000000.0         0.0296 
ArI       1048.22             510000000.0         0.25 
ArI       1066.66             119000000.0         0.0609 
ArII      718.089852          950000000.0         0.037 
ArII      723.36056           2300000000.0        0.18 
ArII*     725.54853           1900000000.0        0.15 
ArVII     585.748             7830000000.0        1.21 
CaX       557.765             3500000000.0        0.326 
CaX       574.01              3200000000.0        0.16 
FeII      1608.45083          1.91e+08            5.91e-02 
FeII      1143.22573          1.0e+08             1.9e-02 
FeII      1127.0984           6.e+06              1.1e-03 
FeII      1125.44763          1.0e+08             1.6e-02 
FeII      1121.97471          1.9e+08             2.9e-02 
FeII      1112.04832          2.0e+07             4.5e-03 
FeII      1096.87687          2.3e+08             3.3e-02 
FeII      1083.42046          1.6e+07             2.8e-03 
FeII      1081.87526          6.0e+07             1.3e-02 
FeII      1063.97179          3.5e+07             4.7e-03 
FeII      1063.17687          3.2e+08             5.5e-02 
FeII      1062.1531           1.7e+07             2.9e-03 
FeII      1055.26176          4.6e+07             6.1e-03 
FeII      937.65133           4.4e+07             7.e-03 
FeII      926.89687           3.2e+07             3.3e-03 
FeII      926.21201           2.6e+08             3.3e-02 
FeII      923.87821           2.8e+07             2.9e-03 
